  0.99130634E+01  0.96560000E+01  0.10330535E+02 -0.86483388E+01 -0.93740000E+01
 -0.10038180E+02 -0.11134060E+02 -0.10496000E+02 -0.98633808E+01 -0.97006776E+01
 -0.10059000E+02 -0.94852950E+01 -0.98080093E+01 -0.89260000E+01 -0.85619646E+01
 -0.94166321E+01 -0.85250000E+01 -0.80028850E+01  0.10865465E+02  0.10475000E+02
  0.99610156E+01 -0.80788394E+01 -0.75410000E+01 -0.81721153E+01 -0.10656778E+02
 -0.10400000E+02 -0.10823513E+02 -0.10572017E+02 -0.10357000E+02 -0.94036539E+01
  0.11544398E+02  0.10751000E+02  0.10568624E+02 -0.83576584E+01 -0.80750000E+01
 -0.81494486E+01 -0.10849752E+02 -0.10279000E+02 -0.10868225E+02 -0.81603641E+01
 -0.83040000E+01 -0.74360247E+01 -0.92310286E+01 -0.91720000E+01 -0.82789153E+01
 -0.98027359E+01 -0.10083000E+02 -0.10855290E+02 -0.97855114E+01 -0.10587000E+02
 -0.11175841E+02 -0.11429669E+02 -0.10799000E+02 -0.11239738E+02 -0.94204653E+01
 -0.94600000E+01 -0.92022698E+01 -0.98193095E+01 -0.10229000E+02 -0.95072007E+01
 -0.10052066E+02 -0.10802000E+02 -0.10481479E+02 -0.96886961E+01 -0.88250000E+01
 -0.87728786E+01 -0.99858580E+01 -0.97740000E+01 -0.10119871E+02 -0.94731105E+01
 -0.98460000E+01 -0.93812349E+01 -0.11455785E+02 -0.10642000E+02 -0.10920703E+02
 -0.94523215E+01 -0.88840000E+01 -0.80223015E+01  0.96994439E+01  0.10373000E+02
  0.99011832E+01 -0.10634424E+02 -0.10040000E+02 -0.10377569E+02  0.10438352E+02
  0.10375000E+02  0.10557124E+02 -0.94854648E+01 -0.94540000E+01 -0.96577588E+01
  0.82021727E+01  0.90820000E+01  0.90685478E+01 -0.82205314E+01 -0.89020000E+01
 -0.93909325E+01 -0.11372425E+02 -0.10424000E+02 -0.10065443E+02 -0.92424000E+01
 -0.97450000E+01 -0.10643809E+02  0.10443338E+02  0.10502000E+02  0.10378909E+02
  0.10892365E+02  0.10780000E+02  0.98318821E+01  0.95045902E+01  0.10304000E+02
  0.10616549E+02 -0.10863535E+02 -0.10733000E+02 -0.98581097E+01  0.11335244E+02
  0.10448000E+02  0.10570794E+02 -0.77679698E+01 -0.86020000E+01 -0.88078273E+01
  0.89445375E+01  0.96750000E+01  0.10409471E+02 -0.88027843E+01 -0.94940000E+01
 -0.90892597E+01 -0.10511930E+02 -0.10508000E+02 -0.10170550E+02 -0.98128251E+01
 -0.96910000E+01 -0.89215161E+01  0.91019320E+01  0.97160000E+01  0.10109615E+02
 -0.93531545E+01 -0.90940000E+01 -0.92572292E+01  0.10098590E+02  0.10118000E+02
  0.10289603E+02 -0.89985244E+01 -0.87240000E+01 -0.93610158E+01 -0.98212692E+01
 -0.10249000E+02 -0.10673097E+02 -0.76741027E+01 -0.85810000E+01 -0.87517714E+01
 -0.85442204E+01 -0.78330000E+01 -0.72344072E+01 -0.52379481E+01 -0.60480000E+01
 -0.59304865E+01 -0.52858537E+01 -0.55320000E+01 -0.59298852E+01 -0.72254382E+01
 -0.81800000E+01 -0.84088786E+01 -0.55337920E+01 -0.57100000E+01 -0.66646698E+01
 -0.51056869E+01 -0.54530000E+01 -0.61334528E+01 -0.62102070E+01 -0.67220000E+01
 -0.60880943E+01 -0.63819746E+01 -0.57210000E+01 -0.54201239E+01 -0.83341368E+01
 -0.87980000E+01 -0.81070986E+01 -0.63883083E+01 -0.54900000E+01 -0.55845103E+01
 -0.95778759E+01 -0.87770000E+01 -0.87285141E+01 -0.72542829E+01 -0.67490000E+01
 -0.61346035E+01 -0.50092010E+01 -0.49170000E+01 -0.57894472E+01 -0.59086008E+01
 -0.68270000E+01 -0.72738273E+01 -0.83934194E+01 -0.77280000E+01 -0.82270720E+01
 -0.69924311E+01 -0.76710000E+01 -0.79952964E+01 -0.96880940E+01 -0.87480000E+01
 -0.84769659E+01 -0.61044087E+01 -0.67540000E+01 -0.64752175E+01 -0.70957436E+01
 -0.70920000E+01 -0.67521639E+01 -0.66283519E+01 -0.62560000E+01 -0.67483846E+01
 -0.91707615E+01 -0.83820000E+01 -0.85906726E+01 -0.64865523E+01 -0.71950000E+01
 -0.78624851E+01 -0.77928488E+01 -0.82150000E+01 -0.90152539E+01 -0.58712810E+01
 -0.61320000E+01 -0.54898205E+01 -0.57701957E+01 -0.66980000E+01 -0.68060565E+01
 -0.41149197E+01 -0.43500000E+01 -0.48426669E+01 -0.84345270E+01 -0.80320000E+01
 -0.84911090E+01 -0.63423829E+01 -0.53900000E+01 -0.51704058E+01 -0.85804671E+01
 -0.90430000E+01 -0.83502058E+01 -0.62964986E+01 -0.71650000E+01 -0.70454555E+01
 -0.88387748E+01 -0.83380000E+01 -0.77544389E+01 -0.68100928E+01 -0.65910000E+01
 -0.56366987E+01 -0.73119967E+01 -0.75740000E+01 -0.85117236E+01 -0.64182720E+01
 -0.69680000E+01 -0.71207189E+01 -0.74891121E+01 -0.68140000E+01 -0.70485170E+01
 -0.75016591E+01 -0.77870000E+01 -0.71473277E+01 -0.76271368E+01 -0.81310000E+01
 -0.79425777E+01 -0.52234768E+01 -0.60070000E+01 -0.59508122E+01 -0.71016581E+01
 -0.71890000E+01 -0.76636089E+01 -0.51250711E+01 -0.55620000E+01 -0.64684596E+01
 -0.90862439E+01 -0.82830000E+01 -0.82391756E+01 -0.66022532E+01 -0.58550000E+01
 -0.56233150E+01 -0.71233586E+01 -0.74710000E+01 -0.75452418E+01 -0.69721768E+01
 -0.69150000E+01 -0.67291458E+01 -0.73636701E+01 -0.65630000E+01 -0.62659332E+01
 -0.51553317E+01 -0.51510000E+01 -0.54709482E+01 -0.84348668E+01 -0.79680000E+01
 -0.83607326E+01 -0.51754706E+01 -0.51960000E+01 -0.60600488E+01 -0.63085961E+01
 -0.55860000E+01 -0.54552118E+01 -0.35741920E+01 -0.27660000E+01 -0.30596429E+01
 -0.35054655E+01 -0.26980000E+01 -0.29433134E+01 -0.37383430E+01 -0.35990000E+01
 -0.28724963E+01 -0.44457593E+01 -0.36450000E+01 -0.36470752E+01 -0.16894052E+01
 -0.22170000E+01 -0.21616560E+01 -0.63005317E+01 -0.62600000E+01 -0.63401308E+01
 -0.39913186E+01 -0.30610000E+01 -0.26440197E+01 -0.36542470E+01 -0.45450000E+01
 -0.44524117E+01 -0.25749714E+01 -0.24040000E+01 -0.15047148E+01 -0.53766217E+01
 -0.55500000E+01 -0.51915776E+01 -0.30560756E+01 -0.21870000E+01 -0.23215173E+01
 -0.42974640E+01 -0.46430000E+01 -0.38994383E+01 -0.26548348E+01 -0.35440000E+01
 -0.40777924E+01 -0.38424611E+01 -0.39360000E+01 -0.42291279E+01 -0.57587974E+01
 -0.50100000E+01 -0.48573695E+01 -0.37832798E+01 -0.36530000E+01 -0.33896323E+01
 -0.43379409E+01 -0.38770000E+01 -0.30156894E+01 -0.61864804E+01 -0.56300000E+01
 -0.47412412E+01 -0.25339211E+01 -0.27480000E+01 -0.22014912E+01 -0.44064397E+01
 -0.40370000E+01 -0.36705038E+01 -0.14962817E+01 -0.13770000E+01 -0.20109004E+01
 -0.62520562E+01 -0.56430000E+01 -0.53347838E+01 -0.29481272E+01 -0.34590000E+01
 -0.31113151E+01 -0.43763827E+01 -0.50010000E+01 -0.46825964E+01 -0.19885006E+01
 -0.27460000E+01 -0.24877623E+01 -0.37375890E+01 -0.39840000E+01 -0.36821529E+01
 -0.17190019E+01 -0.19130000E+01 -0.16393117E+01 -0.49213992E+01 -0.48560000E+01
 -0.53631766E+01 -0.24293940E+01 -0.30990000E+01 -0.27273432E+01 -0.52787152E+01
 -0.61540000E+01 -0.66181782E+01 -0.26677511E+01 -0.32830000E+01 -0.27509566E+01
 -0.27999078E+01 -0.36240000E+01 -0.33617481E+01 -0.40672124E+01 -0.46100000E+01
 -0.54938215E+01 -0.57336867E+01 -0.50630000E+01 -0.51713317E+01 -0.30781257E+01
 -0.34140000E+01 -0.37943521E+01 -0.44650629E+01 -0.50470000E+01 -0.44612070E+01
 -0.23279979E+01 -0.29970000E+01 -0.26105856E+01 -0.46662126E+01 -0.51550000E+01
 -0.47893003E+01 -0.36048995E+01 -0.43730000E+01 -0.49374666E+01 -0.47676835E+01
 -0.52720000E+01 -0.46587296E+01 -0.17183872E+01 -0.14220000E+01 -0.21920111E+01
 -0.43292489E+01 -0.41330000E+01 -0.44932877E+01 -0.50164016E+01 -0.41200000E+01
 -0.40245136E+01 -0.27661090E+01 -0.34150000E+01 -0.30720017E+01 -0.24556515E+01
 -0.23160000E+01 -0.30810515E+01 -0.47437977E+01 -0.42730000E+01 -0.48626692E+01
 -0.77629863E+00 -0.12710000E+01 -0.21205410E+01 -0.39268435E+01 -0.40510000E+01
 -0.45218640E+01 -0.30106510E+01 -0.26420000E+01 -0.30379300E+01 -0.11125122E+01
 -0.63200000E+00 -0.10252691E+01 -0.15780394E+01 -0.11450000E+01 -0.17006593E+01
 -0.82023588E+00 -0.14640000E+01 -0.18656600E+01 -0.98168778E+00 -0.19000000E+00
 -0.49413002E+00 -0.33829577E+01 -0.25070000E+01 -0.26298239E+01  0.83415006E+00
 -0.67000000E-01  0.17957773E-01 -0.29660312E+01 -0.24810000E+01 -0.27410095E+01
  0.39559234E+00  0.96600000E+00  0.91771246E+00 -0.17161175E+00  0.46000000E-01
 -0.24336156E+00  0.53231231E+00  0.10100000E+00 -0.48068252E+00 -0.11656126E+01
 -0.17290000E+01 -0.23875242E+01  0.15236750E+01  0.90700000E+00  0.14585954E+01
 -0.39636008E+00 -0.11810000E+01 -0.10776017E+01  0.14079771E+01  0.68500000E+00
  0.40351917E+00 -0.33135953E+01 -0.24690000E+01 -0.20669708E+01  0.66303292E+00
  0.22000000E+00 -0.42345270E+00  0.80176493E+00 -0.27000000E-01  0.22582414E+00
  0.62492285E+00  0.10000000E+00 -0.24599089E+00 -0.10790795E+01 -0.12200000E+01
 -0.34976389E+00 -0.12207904E+01 -0.73700000E+00  0.18336760E+00 -0.22567220E+01
 -0.18320000E+01 -0.14239768E+01 -0.15596792E+01 -0.11150000E+01 -0.13695197E+01
 -0.15933547E+01 -0.23130000E+01 -0.19393855E+01 -0.15393549E+00 -0.21400000E+00
  0.69373685E+00 -0.25171834E+01 -0.22780000E+01 -0.13254393E+01 -0.11134560E+00
 -0.30300000E+00  0.51203782E+00 -0.44418069E+00 -0.11100000E+01 -0.12768609E+01
  0.14632448E+01  0.14750000E+01  0.21816784E+01 -0.15362050E+01 -0.21050000E+01
 -0.29845189E+01 -0.33814782E+00 -0.53400000E+00  0.31507003E+00 -0.12484271E+01
 -0.15940000E+01 -0.81818255E+00 -0.87702738E+00 -0.88200000E+00 -0.55002938E+00
 -0.30461041E+01 -0.27460000E+01 -0.30025204E+01  0.79209154E+00  0.35400000E+00
 -0.57955695E+00 -0.42581806E+00  0.47000000E+00  0.59526100E+00 -0.82208260E-01
 -0.54300000E+00  0.12938661E+00 -0.13737076E+01 -0.15420000E+01 -0.82177729E+00
 -0.43916947E-01 -0.59900000E+00 -0.90533853E+00 -0.16587775E+01 -0.24170000E+01
 -0.24738828E+01 -0.29816774E+01 -0.20540000E+01 -0.17693261E+01  0.72898449E+00
  0.66500000E+00  0.21679860E+00 -0.92547768E+00 -0.52000000E-01 -0.21128748E+00
 -0.11281702E+01 -0.17590000E+01 -0.15909817E+01  0.84109863E+00  0.60500000E+00
  0.96064833E+00 -0.71885062E+00 -0.12120000E+01 -0.21059409E+01  0.90616112E+00
  0.37800000E+00 -0.43456595E+00 -0.26413632E+01 -0.23880000E+01 -0.21680755E+01
 -0.14158203E+00  0.47200000E+00  0.16617557E-01  0.30750720E+00  0.66400000E+00
  0.67793447E+00  0.23238145E+01  0.19510000E+01  0.11056831E+01  0.87329910E+00
  0.17450000E+01  0.22133374E+01  0.25158739E+01  0.28320000E+01  0.24770847E+01
  0.13491488E+01  0.19640000E+01  0.15850917E+01  0.47705434E+01  0.44070000E+01
  0.39074323E+01  0.26879625E+01  0.21570000E+01  0.15124490E+01  0.36392593E+01
  0.36350000E+01  0.30697889E+01  0.26737277E+01  0.22560000E+01  0.20059870E+01
  0.32062097E+01  0.26460000E+01  0.17700115E+01  0.28947578E+01  0.23350000E+01
  0.19839815E+01  0.47730883E+01  0.38310000E+01  0.35408686E+01  0.23962988E+01
  0.21320000E+01  0.29510268E+01  0.28504405E+01  0.30240000E+01  0.38884647E+01
  0.45468409E+01  0.37600000E+01  0.30512630E+01  0.33362404E+01  0.27790000E+01
  0.25432941E+01  0.19365802E+01  0.27060000E+01  0.33547221E+01  0.32787275E+01
  0.38280000E+01  0.34292107E+01  0.33190542E+01  0.32040000E+01  0.38760364E+01
  0.16221132E+01  0.20950000E+01  0.28303164E+01  0.30369623E+01  0.28190000E+01
  0.35989510E+01  0.38820543E+01  0.33560000E+01  0.31021865E+01  0.41005167E+00
  0.13170000E+01  0.17854834E+01  0.14944645E+01  0.21660000E+01  0.20777598E+01
  0.30270392E+01  0.26910000E+01  0.29124641E+01  0.28499308E+01  0.34730000E+01
  0.34981588E+01  0.19564369E+01  0.20640000E+01  0.22018145E+01  0.45807574E+01
  0.50470000E+01  0.48758015E+01  0.14932648E+01  0.22950000E+01  0.20500108E+01
  0.32800490E+01  0.34990000E+01  0.31068512E+01  0.20981561E+01  0.18560000E+01
  0.25038905E+01  0.11118758E+01  0.17880000E+01  0.26115685E+01  0.14687837E+01
  0.59600000E+00  0.66566541E+00  0.35787125E+01  0.27150000E+01  0.26804093E+01
  0.13718007E+01  0.14010000E+01  0.22544865E+01  0.42304419E+01  0.37660000E+01
  0.35236380E+01  0.86639068E+00  0.91600000E+00  0.13824552E+01  0.38723532E+01
  0.38850000E+01  0.39834750E+01  0.21504532E+01  0.26130000E+01  0.25991401E+01
  0.21753095E+01  0.13850000E+01  0.14656595E+01  0.75157054E+00  0.13380000E+01
  0.14254804E+01  0.31700438E+01  0.37700000E+01  0.35489277E+01  0.35618389E+01
  0.31600000E+01  0.25193321E+01  0.68656207E+00  0.12890000E+01  0.12822668E+01
  0.13751080E+01  0.13540000E+01  0.21908310E+01  0.54010472E+01  0.48450000E+01
  0.44195506E+01 -0.12338362E+01 -0.72800000E+00 -0.79328018E-01 -0.33498916E+00
  0.49000000E-01 -0.40032760E+00  0.22115712E+01  0.28360000E+01  0.28379476E+01
  0.55466136E+01  0.48910000E+01  0.40517744E+01  0.40995604E+01  0.34420000E+01
  0.39042399E+01  0.65740364E+01  0.59820000E+01  0.65616602E+01  0.53026763E+01
  0.56330000E+01  0.61415514E+01  0.73821032E+01  0.80990000E+01  0.84532181E+01
  0.53762961E+01  0.62200000E+01  0.59999339E+01  0.50953078E+01  0.54230000E+01
  0.63215794E+01  0.62888049E+01  0.57740000E+01  0.58610977E+01  0.67055237E+01
  0.72330000E+01  0.66605503E+01  0.35117456E+01  0.41490000E+01  0.45804293E+01
  0.50543746E+01  0.52920000E+01  0.61316042E+01  0.68923181E+01  0.64760000E+01
  0.71444371E+01  0.86938169E+01  0.82290000E+01  0.84772792E+01  0.40528442E+01
  0.39240000E+01  0.47935367E+01  0.66696790E+01  0.59880000E+01  0.56776638E+01
  0.40478358E+01  0.45490000E+01  0.44734674E+01  0.76397647E+01  0.70740000E+01
  0.76795651E+01  0.55639458E+01  0.56560000E+01  0.53326672E+01  0.51419156E+01
  0.58320000E+01  0.56772808E+01  0.62941872E+01  0.58410000E+01  0.65323995E+01
  0.74183574E+01  0.69490000E+01  0.74083702E+01  0.44789778E+01  0.47260000E+01
  0.48993381E+01  0.68118014E+01  0.64190000E+01  0.70945315E+01  0.41737374E+01
  0.50240000E+01  0.55327963E+01  0.36042460E+01  0.35580000E+01  0.44601509E+01
  0.17426652E+01  0.81500000E+00  0.77665726E+00  0.56468347E+01  0.51130000E+01
  0.50711997E+01  0.47343897E+01  0.48670000E+01  0.56241561E+01  0.66561597E+01
  0.73860000E+01  0.81311986E+01  0.47732801E+01  0.45460000E+01  0.48455628E+01
  0.46031919E+01  0.50800000E+01  0.59775957E+01  0.91727432E+00  0.18200000E+01
  0.20230697E+01  0.69456941E+01  0.66070000E+01  0.58091710E+01  0.42428044E+01
  0.33740000E+01  0.28558110E+01  0.62805369E+01  0.62430000E+01  0.61957176E+01
  0.48942357E+01  0.47420000E+01  0.44105535E+01  0.67988309E+01  0.70860000E+01
  0.71384412E+01  0.47636547E+01  0.47760000E+01  0.50359040E+01  0.31755785E+01
  0.39650000E+01  0.38888906E+01  0.56902551E+01  0.52310000E+01  0.49975275E+01
  0.70160256E+01  0.70920000E+01  0.80316001E+01  0.54539979E+01  0.45620000E+01
  0.42562617E+01  0.52117407E+01  0.59910000E+01  0.63539923E+01  0.53150659E+01
  0.43690000E+01  0.42526664E+01  0.83017114E+01  0.80070000E+01  0.76880624E+01
  0.21168868E+01  0.24710000E+01  0.32755794E+01  0.87683397E+01  0.91390000E+01
  0.89760317E+01  0.40166930E+01  0.42870000E+01  0.44717201E+01  0.24258523E+01
  0.33740000E+01  0.37278568E+01  0.56617901E+01  0.63670000E+01  0.69570290E+01
  0.93545098E+01  0.97270000E+01  0.92765530E+01  0.10681657E+02  0.10225000E+02
  0.92981092E+01  0.95674765E+01  0.90130000E+01  0.89502229E+01  0.98781888E+01
  0.95420000E+01  0.90900127E+01  0.10371929E+02  0.10505000E+02  0.97583129E+01
  0.57788335E+01  0.67150000E+01  0.69597047E+01  0.10585080E+02  0.96310000E+01
  0.94531854E+01  0.80814669E+01  0.74060000E+01  0.75184170E+01  0.91942350E+01
  0.99530000E+01  0.10211001E+02  0.94562050E+01  0.94500000E+01  0.10312950E+02
  0.10575066E+02  0.96310000E+01  0.92441146E+01  0.81119530E+01  0.80640000E+01
  0.87395905E+01  0.87481743E+01  0.96290000E+01  0.94871682E+01  0.91897254E+01
  0.86270000E+01  0.92220987E+01  0.66611105E+01  0.73380000E+01  0.77114154E+01
  0.83545624E+01  0.84510000E+01  0.89439557E+01  0.87808964E+01  0.84380000E+01
  0.77176173E+01  0.74589253E+01  0.83030000E+01  0.87379578E+01  0.87491046E+01
  0.88470000E+01  0.97637057E+01  0.93786306E+01  0.84700000E+01  0.81368218E+01
  0.94929304E+01  0.88780000E+01  0.90883586E+01  0.91858436E+01  0.92720000E+01
  0.89188536E+01  0.97063913E+01  0.91360000E+01  0.96222017E+01  0.55594568E+01
  0.61630000E+01  0.56455735E+01  0.87587356E+01  0.86150000E+01  0.76659188E+01
  0.69939115E+01  0.73340000E+01  0.78127668E+01  0.83198847E+01  0.91360000E+01
  0.90603275E+01  0.72198695E+01  0.74940000E+01  0.70718751E+01  0.91235918E+01
  0.10020000E+02  0.10103556E+02  0.81554927E+01  0.77140000E+01  0.70528553E+01
  0.10572731E+02  0.10553000E+02  0.11469474E+02  0.59354602E+01  0.60100000E+01
  0.51401234E+01  0.10166810E+02  0.99730000E+01  0.92074272E+01  0.71593191E+01
  0.71950000E+01  0.70885927E+01  0.73760747E+01  0.79550000E+01  0.77010819E+01
  0.71510501E+01  0.69870000E+01  0.60334266E+01  0.75622231E+01  0.76810000E+01
  0.84561420E+01  0.75639065E+01  0.80430000E+01  0.75438670E+01  0.54955205E+01
  0.64460000E+01  0.65776188E+01  0.98727230E+01  0.10012000E+02  0.10480945E+02
  0.97460347E+01  0.98730000E+01  0.10810822E+02  0.81683804E+01  0.83530000E+01
  0.91414779E+01  0.93014712E+01  0.95650000E+01  0.10478523E+02  0.72741799E+01
  0.69480000E+01  0.60242975E+01  0.96613167E+01  0.89480000E+01  0.93482088E+01
  0.70670281E+01  0.72170000E+01  0.81622157E+01  0.73721912E+01  0.82350000E+01
  0.80610901E+01  0.82874656E+01  0.80440000E+01  0.88292558E+01
  0.10753719E+02  0.10403000E+02  0.97560627E+01 -0.85077371E+01 -0.86440000E+01
 -0.91006972E+01  0.10000383E+02  0.93150000E+01  0.93612643E+01 -0.11169761E+02
 -0.10771000E+02 -0.10024715E+02  0.99807264E+01  0.99300000E+01  0.91209686E+01
 -0.99698193E+01 -0.10297000E+02 -0.98075686E+01 -0.99621960E+01 -0.94180000E+01
 -0.10028626E+02 -0.72855018E+01 -0.79820000E+01 -0.85974859E+01 -0.72085689E+01
 -0.74580000E+01 -0.83043362E+01 -0.50456374E+01 -0.57160000E+01 -0.57917952E+01
 -0.89752682E+01 -0.94980000E+01 -0.98539558E+01 -0.58344175E+01 -0.67460000E+01
 -0.69461913E+01 -0.56820918E+01 -0.64500000E+01 -0.71801540E+01 -0.58026694E+01
 -0.55280000E+01 -0.52753914E+01 -0.63648926E+01 -0.55030000E+01 -0.54611317E+01
 -0.37920475E+01 -0.32250000E+01 -0.36597690E+01 -0.26782992E+01 -0.32010000E+01
 -0.27672363E+01 -0.15310247E+01 -0.21720000E+01 -0.25835309E+01 -0.45646462E+01
 -0.55210000E+01 -0.57649408E+01 -0.13540980E+01 -0.21960000E+01 -0.28244135E+01
 -0.57518781E+01 -0.59400000E+01 -0.57775463E+01 -0.24345029E+01 -0.26590000E+01
 -0.36110914E+01 -0.44563461E+00 -0.83200000E+00 -0.17232002E+01  0.13598885E+01
  0.48100000E+00  0.79968782E-01 -0.31320570E+01 -0.30960000E+01 -0.28973994E+01
 -0.14879291E+01 -0.74300000E+00 -0.11316160E+01 -0.13793892E+01 -0.16760000E+01
 -0.18350339E+01  0.10820787E+01  0.77600000E+00 -0.86083351E-01  0.25574854E+00
 -0.41300000E+00  0.56361766E-01  0.48355574E+01  0.42210000E+01  0.33710902E+01
 -0.87892872E+00 -0.50300000E+00  0.18965200E+00  0.32613061E+01  0.36330000E+01
  0.28743289E+01  0.11857990E+01  0.12740000E+01  0.51362556E+00  0.45747134E+01
  0.49800000E+01  0.46842351E+01  0.22189223E+01  0.13620000E+01  0.15447293E+01
  0.44708953E+01  0.48220000E+01  0.48488270E+01  0.56227130E+01  0.50990000E+01
  0.52295136E+01  0.74980852E+01  0.65620000E+01  0.65006382E+01  0.71751996E+01
  0.68170000E+01  0.58685474E+01  0.66462282E+01  0.65140000E+01  0.55900796E+01
  0.35742841E+01  0.31980000E+01  0.37867601E+01  0.80750631E+01  0.75250000E+01
  0.66628678E+01  0.66943375E+01  0.76290000E+01  0.76757720E+01  0.90977554E+01
  0.99650000E+01  0.98715887E+01  0.49874591E+01  0.47300000E+01  0.55527133E+01
  0.92197149E+01  0.83210000E+01  0.82308425E+01  0.83258839E+01  0.73710000E+01
  0.70743513E+01  0.92217340E+01  0.85220000E+01  0.78221359E+01  0.10468488E+02
  0.10405000E+02  0.95469083E+01 -0.11079030E+02 -0.10774000E+02 -0.10450544E+02
 -0.84086835E+01 -0.90480000E+01 -0.87861277E+01 -0.79315721E+01 -0.78120000E+01
 -0.69776375E+01 -0.10795898E+02 -0.10495000E+02 -0.96365179E+01 -0.90157770E+01
 -0.90110000E+01 -0.99141484E+01 -0.99798461E+01 -0.10201000E+02 -0.10193264E+02
 -0.98395536E+01 -0.97820000E+01 -0.91107089E+01 -0.78483738E+01 -0.85700000E+01
 -0.92770858E+01 -0.57772676E+01 -0.64090000E+01 -0.68210219E+01 -0.76430612E+01
 -0.81100000E+01 -0.84065864E+01 -0.61725274E+01 -0.58550000E+01 -0.49301025E+01
 -0.73721095E+01 -0.72600000E+01 -0.80455969E+01 -0.69063494E+01 -0.62790000E+01
 -0.68181692E+01 -0.63700214E+01 -0.71100000E+01 -0.75024039E+01 -0.40001579E+01
 -0.42560000E+01 -0.34566963E+01 -0.40769898E+01 -0.43560000E+01 -0.46666057E+01
 -0.36048391E+01 -0.42760000E+01 -0.41929441E+01 -0.40521379E+01 -0.41940000E+01
 -0.35250749E+01 -0.27163119E+01 -0.34080000E+01 -0.41090763E+01 -0.24702513E+01
 -0.29990000E+01 -0.38497403E+01 -0.64397275E+00 -0.70800000E+00 -0.69718444E-01
 -0.14667839E+01 -0.12690000E+01 -0.15499288E+01  0.11109139E-02 -0.25000000E-01
 -0.58190737E+00 -0.71417745E+00 -0.13110000E+01 -0.15903247E+01  0.84769883E+00
  0.66800000E+00  0.30878272E-01 -0.11516810E+01 -0.13610000E+01 -0.22050228E+01
  0.18388108E+00 -0.74300000E+00 -0.82790263E+00  0.22100569E+01  0.20440000E+01
  0.12743800E+01 -0.50285848E+00 -0.40700000E+00 -0.16313009E+00  0.30875854E+01
  0.23830000E+01  0.17916622E+01  0.39758680E+01  0.37770000E+01  0.29643371E+01
  0.10483607E+01  0.18410000E+01  0.15881102E+01  0.11433608E+01  0.17000000E+01
  0.16562340E+01  0.13479067E+01  0.12870000E+01  0.10972426E+01  0.42602564E+01
  0.35410000E+01  0.30026031E+01  0.38011480E+01  0.31460000E+01  0.27842548E+01
  0.61445924E+01  0.63020000E+01  0.58370753E+01  0.62466489E+01  0.61780000E+01
  0.52979100E+01  0.63146020E+01  0.60220000E+01  0.50665332E+01  0.55761900E+01
  0.47340000E+01  0.41813167E+01  0.74027725E+01  0.80110000E+01  0.80377675E+01
  0.50489282E+01  0.52980000E+01  0.47038466E+01  0.56315858E+01  0.56540000E+01
  0.47342862E+01  0.89549753E+01  0.89090000E+01  0.79719224E+01  0.11191217E+02
  0.10357000E+02  0.10600778E+02  0.80811202E+01  0.76980000E+01  0.70878879E+01
  0.10315949E+02  0.10032000E+02  0.91302683E+01  0.10237668E+02  0.94330000E+01
  0.91510049E+01  0.97315828E+01  0.10271000E+02  0.10109022E+02  0.97656851E+01
  0.10287000E+02  0.99513953E+01  0.10749488E+02  0.10447000E+02  0.98867481E+01
 -0.10321159E+02 -0.99690000E+01 -0.91043495E+01 -0.72224465E+01 -0.80430000E+01
 -0.78568859E+01 -0.93549383E+01 -0.98720000E+01 -0.10165222E+02 -0.78461230E+01
 -0.85840000E+01 -0.92275089E+01  0.99962780E+01  0.94930000E+01  0.85806250E+01
 -0.10047089E+02 -0.10261000E+02 -0.94376467E+01 -0.83842159E+01 -0.86910000E+01
 -0.96340968E+01 -0.59881306E+01 -0.68660000E+01 -0.70562874E+01 -0.70907900E+01
 -0.77920000E+01 -0.74680707E+01 -0.50962908E+01 -0.53890000E+01 -0.57531587E+01
 -0.76162883E+01 -0.79250000E+01 -0.78722177E+01 -0.61124442E+01 -0.57720000E+01
 -0.63267066E+01 -0.43394795E+01 -0.52180000E+01 -0.50712007E+01 -0.33293620E+01
 -0.29030000E+01 -0.21180007E+01 -0.48714908E+01 -0.58080000E+01 -0.58705486E+01
 -0.25738143E+01 -0.29720000E+01 -0.25544197E+01 -0.54960683E+01 -0.52350000E+01
 -0.52516142E+01 -0.42778561E+01 -0.52100000E+01 -0.56101417E+01 -0.18360691E+01
 -0.27190000E+01 -0.28390888E+01 -0.37898089E+01 -0.43360000E+01 -0.50453851E+01
 -0.16143505E+01 -0.23480000E+01 -0.23017371E+01  0.16170619E+01  0.87500000E+00
  0.11952957E+00 -0.13292809E+01 -0.13900000E+01 -0.21194780E+01 -0.10798378E+01
 -0.15000000E+01 -0.16273945E+01 -0.29304180E+01 -0.32460000E+01 -0.41541387E+01
 -0.37591795E+00 -0.10480000E+01 -0.66054793E+00  0.98832282E+00  0.12680000E+01
  0.20788263E+01  0.48926991E+01  0.42110000E+01  0.34696370E+01  0.13087916E+01
  0.13190000E+01  0.60504734E+00  0.23628742E+01  0.16420000E+01  0.93854646E+00
  0.18032169E+01  0.14870000E+01  0.81971892E+00  0.39677949E+01  0.46560000E+01
  0.42885284E+01  0.18485389E+01  0.11680000E+01  0.65625733E+00  0.38297796E+01
  0.37200000E+01  0.28416354E+01  0.49482528E+01  0.47170000E+01  0.43964072E+01
  0.54524062E+01  0.51450000E+01  0.43706409E+01  0.38420127E+01  0.36430000E+01
  0.28124800E+01  0.35761733E+01  0.41450000E+01  0.38518380E+01  0.61514969E+01
  0.56610000E+01  0.55153967E+01  0.65528286E+01  0.63170000E+01  0.64424698E+01
  0.72718604E+01  0.75410000E+01  0.68411723E+01  0.97816879E+01  0.94750000E+01
  0.87370465E+01  0.74569815E+01  0.74760000E+01  0.68727354E+01  0.90679046E+01
  0.81640000E+01  0.79595931E+01  0.62955762E+01  0.71140000E+01  0.76277755E+01
  0.11199296E+02  0.10742000E+02  0.11182737E+02  0.75587362E+01  0.66810000E+01
  0.62045838E+01  0.99136407E+01  0.90600000E+01  0.88446815E+01 -0.10765693E+02
 -0.99500000E+01 -0.93302339E+01 -0.10072391E+02 -0.95880000E+01 -0.97292788E+01
  0.99018170E+01  0.10584000E+02  0.10778600E+02 -0.87475032E+01 -0.91260000E+01
 -0.95685853E+01 -0.11029207E+02 -0.10844000E+02 -0.10749492E+02 -0.91048059E+01
 -0.94270000E+01 -0.10379721E+02 -0.73055565E+01 -0.80630000E+01 -0.81357100E+01
 -0.43627191E+01 -0.46940000E+01 -0.56462904E+01 -0.71480168E+01 -0.73060000E+01
 -0.82035084E+01 -0.68766301E+01 -0.62190000E+01 -0.57529206E+01 -0.74958177E+01
 -0.77140000E+01 -0.83055850E+01 -0.71114725E+01 -0.72410000E+01 -0.73023133E+01
 -0.66531075E+01 -0.71780000E+01 -0.79415036E+01 -0.51443532E+01 -0.54040000E+01
 -0.45893285E+01 -0.38335689E+01 -0.42840000E+01 -0.40376882E+01 -0.41609613E+01
 -0.37920000E+01 -0.44558132E+01 -0.23909058E+01 -0.25310000E+01 -0.26981292E+01
 -0.46427867E+01 -0.38550000E+01 -0.39535032E+01 -0.52647689E+01 -0.60630000E+01
 -0.62999348E+01 -0.28790940E+01 -0.36760000E+01 -0.34156931E+01 -0.10321389E+00
  0.41100000E+00  0.11414865E+01 -0.52792088E-01 -0.82900000E+00 -0.15326663E+01
 -0.13856037E+01 -0.16750000E+01 -0.23843649E+01  0.49558357E+00 -0.43600000E+00
 -0.71263632E+00 -0.19025180E+01 -0.25220000E+01 -0.25933457E+01  0.12679386E+01
  0.48600000E+00  0.30156286E+00 -0.22383016E+01 -0.28800000E+01 -0.33741252E+01
  0.80799454E-01 -0.82500000E+00 -0.12386619E+01  0.15079804E+01  0.14420000E+01
  0.13341301E+01  0.30956613E+01  0.21950000E+01  0.18242997E+01  0.94703702E+00
  0.20800000E+00 -0.22140058E+00  0.35632161E+01  0.26200000E+01  0.25290024E+01
  0.21950632E+01  0.30540000E+01  0.36535960E+01  0.42272276E+01  0.34510000E+01
  0.36505980E+01  0.24786199E+01  0.25520000E+01  0.17662600E+01  0.57909865E+01
  0.58020000E+01  0.55855986E+01  0.42609829E+01  0.34600000E+01  0.34113954E+01
  0.64187589E+01  0.57210000E+01  0.60560192E+01  0.35809010E+01  0.29970000E+01
  0.27082114E+01  0.55494306E+01  0.57090000E+01  0.62749069E+01  0.40015249E+01
  0.48570000E+01  0.46813481E+01  0.89337532E+01  0.85960000E+01  0.77545533E+01
  0.78142200E+01  0.72110000E+01  0.72672432E+01  0.88661910E+01  0.80560000E+01
  0.81608798E+01  0.61127420E+01  0.53360000E+01  0.56522483E+01  0.88294595E+01
  0.84660000E+01  0.81880547E+01  0.84894399E+01  0.76070000E+01  0.71591360E+01
  0.79616126E+01  0.82700000E+01  0.89948619E+01 -0.75733425E+01 -0.83970000E+01
 -0.89773476E+01 -0.10666941E+02 -0.10583000E+02 -0.10155720E+02 -0.10294482E+02
 -0.10623000E+02 -0.10638749E+02 -0.10669450E+02 -0.10394000E+02 -0.11044726E+02
 -0.95036698E+01 -0.10093000E+02 -0.10235019E+02 -0.97436928E+01 -0.98660000E+01
 -0.10680379E+02  0.10545231E+02  0.10105000E+02  0.96052351E+01 -0.91273002E+01
 -0.99020000E+01 -0.96624520E+01 -0.71498863E+01 -0.71630000E+01 -0.80775592E+01
 -0.73202014E+01 -0.67500000E+01 -0.68687517E+01 -0.76270568E+01 -0.76610000E+01
 -0.85515066E+01 -0.83953711E+01 -0.82660000E+01 -0.90275836E+01 -0.76100507E+01
 -0.84710000E+01 -0.88892438E+01 -0.52781032E+01 -0.59800000E+01 -0.63111224E+01
 -0.56965115E+01 -0.54030000E+01 -0.59190125E+01 -0.32474252E+01 -0.29900000E+01
 -0.38155361E+01 -0.51520298E+01 -0.46140000E+01 -0.52316746E+01 -0.47038601E+01
 -0.46310000E+01 -0.52303145E+01 -0.57612185E+01 -0.60950000E+01 -0.67704165E+01
 -0.24872593E+01 -0.29220000E+01 -0.33563048E+01 -0.35288094E+01 -0.44360000E+01
 -0.47726256E+01 -0.20315327E+01 -0.24420000E+01 -0.32890679E+01 -0.91419229E+00
 -0.86200000E+00 -0.15014722E+01 -0.17178089E+01 -0.19770000E+01 -0.29277349E+01
 -0.11290489E+01 -0.18750000E+01 -0.26381596E+01  0.40757320E+00 -0.14500000E+00
 -0.96021485E+00 -0.76169036E+00 -0.61000000E+00 -0.14820815E+01  0.95534031E+00
  0.29400000E+00 -0.52859269E+00  0.20368382E+01  0.16380000E+01  0.73297006E+00
  0.47053574E+01  0.40320000E+01  0.32309378E+01  0.25208215E+01  0.17000000E+01
  0.15927761E+01  0.42100871E+01  0.37170000E+01  0.40204362E+01  0.20064426E+01
  0.16440000E+01  0.72867558E+00  0.37660789E+01  0.38810000E+01  0.32236650E+01
  0.22831885E+01  0.17390000E+01  0.19271585E+01  0.11577742E+01  0.19250000E+01
  0.16874775E+01  0.58872941E+01  0.49490000E+01  0.45825691E+01  0.74932939E+01
  0.68450000E+01  0.60052386E+01  0.43953852E+01  0.45420000E+01  0.36907190E+01
  0.75663757E+01  0.80960000E+01  0.87821287E+01  0.64451738E+01  0.56890000E+01
  0.54250985E+01  0.56568230E+01  0.54470000E+01  0.45478514E+01  0.66843660E+01
  0.68260000E+01  0.75217544E+01  0.81839180E+01  0.84040000E+01  0.93606169E+01
  0.81093334E+01  0.76320000E+01  0.71683669E+01  0.91315882E+01  0.92460000E+01
  0.10092820E+02  0.86379056E+01  0.78290000E+01  0.80158166E+01  0.11261030E+02
  0.10469000E+02  0.10359087E+02  0.57319519E+01  0.64020000E+01  0.63463685E+01
  0.79994677E+01  0.81550000E+01  0.80793865E+01 -0.10101228E+02 -0.10775000E+02
 -0.11602032E+02 -0.89971822E+01 -0.97400000E+01 -0.10490936E+02  0.11077041E+02
  0.10289000E+02  0.98407294E+01 -0.78819449E+01 -0.82740000E+01 -0.89487679E+01
  0.92160599E+01  0.95620000E+01  0.10166081E+02 -0.90987701E+01 -0.86760000E+01
 -0.84257429E+01 -0.94731991E+01 -0.91980000E+01 -0.99190398E+01 -0.52374861E+01
 -0.52080000E+01 -0.48022790E+01 -0.80653212E+01 -0.78890000E+01 -0.87303657E+01
 -0.64386364E+01 -0.57520000E+01 -0.54197404E+01 -0.82544874E+01 -0.88290000E+01
 -0.89614094E+01 -0.66037552E+01 -0.74050000E+01 -0.75614427E+01 -0.65436512E+01
 -0.68460000E+01 -0.71258837E+01 -0.67023580E+01 -0.63820000E+01 -0.71647259E+01
 -0.53250852E+01 -0.45140000E+01 -0.40944096E+01 -0.24715436E+01 -0.26050000E+01
 -0.27411632E+01 -0.61852080E+01 -0.70250000E+01 -0.68594297E+01 -0.34336110E+01
 -0.28720000E+01 -0.28665811E+01 -0.51243689E+01 -0.56750000E+01 -0.62113450E+01
 -0.29865959E+01 -0.37380000E+01 -0.39372089E+01 -0.18393845E+01 -0.10440000E+01
 -0.40112889E+00  0.10560281E+01  0.36100000E+00  0.13433206E+00 -0.16385013E+01
 -0.20240000E+01 -0.19398296E+01  0.11164145E+01  0.71800000E+00  0.73376556E+00
 -0.86016180E+00 -0.10830000E+01 -0.16999331E+01 -0.27864700E+01 -0.33030000E+01
 -0.41717285E+01 -0.25566616E+01 -0.23590000E+01 -0.28875488E+01  0.43200024E+00
  0.92900000E+00  0.71397937E+00  0.19820296E+01  0.10920000E+01  0.53918082E+00
  0.44706733E+01  0.43460000E+01  0.46105365E+01  0.20852279E+01  0.17680000E+01
  0.15467818E+01  0.20696468E+01  0.29520000E+01  0.29966142E+01  0.11754561E+01
  0.14980000E+01  0.70643604E+00  0.16424116E+01  0.17240000E+01  0.26668061E+01
  0.51669103E+01  0.47820000E+01  0.39031242E+01  0.84282126E+01  0.77400000E+01
  0.69539731E+01  0.45806494E+01  0.37990000E+01  0.41195440E+01  0.60650444E+01
  0.62250000E+01  0.71377581E+01  0.46675426E+01  0.40960000E+01  0.46684570E+01
  0.59430131E+01  0.49890000E+01  0.48216639E+01  0.31567738E+01  0.28370000E+01
  0.26008210E+01  0.60273098E+01  0.64510000E+01  0.69481036E+01  0.82670216E+01
  0.81260000E+01  0.74478954E+01  0.96866557E+01  0.10050000E+02  0.92932580E+01
  0.99978298E+01  0.96190000E+01  0.91796755E+01  0.88311508E+01  0.96580000E+01
  0.96569730E+01  0.77269234E+01  0.74150000E+01  0.64845408E+01  0.90604012E+01
  0.89540000E+01  0.93856567E+01  0.99503291E+01  0.10325000E+02  0.10726276E+02
 -0.85231508E+01 -0.93940000E+01 -0.99511936E+01 -0.95131638E+01 -0.97180000E+01
 -0.95993729E+01 -0.10348816E+02 -0.10239000E+02 -0.11116559E+02  0.11027079E+02
  0.10141000E+02  0.10181111E+02 -0.87505143E+01 -0.89750000E+01 -0.85830754E+01
 -0.95572054E+01 -0.93620000E+01 -0.95511286E+01 -0.83587238E+01 -0.84320000E+01
 -0.93368822E+01 -0.74097750E+01 -0.75540000E+01 -0.68320250E+01 -0.47832731E+01
 -0.51410000E+01 -0.59034673E+01 -0.75599366E+01 -0.72580000E+01 -0.68640389E+01
 -0.60516137E+01 -0.58970000E+01 -0.67725150E+01 -0.74908176E+01 -0.80200000E+01
 -0.86882767E+01 -0.44884832E+01 -0.43270000E+01 -0.39078387E+01 -0.58531500E+01
 -0.64300000E+01 -0.70895754E+01 -0.22068147E+01 -0.28480000E+01 -0.25338293E+01
 -0.34334208E+01 -0.36300000E+01 -0.44501958E+01 -0.41748310E+01 -0.33260000E+01
 -0.31473269E+01 -0.45005509E+01 -0.49030000E+01 -0.49923431E+01 -0.12695898E+01
 -0.19370000E+01 -0.18738829E+01 -0.52762274E+01 -0.49910000E+01 -0.54970934E+01
 -0.18336566E+01 -0.22050000E+01 -0.31385935E+01 -0.12773225E+01 -0.22190000E+01
 -0.23566443E+01  0.11300030E+01  0.64500000E+00  0.61263203E+00 -0.15408527E+01
 -0.13840000E+01 -0.15632902E+01  0.51262376E+00  0.37500000E+00  0.43572669E+00
 -0.45551650E+00 -0.13450000E+01 -0.13299152E+01  0.13397521E+01  0.13310000E+01
  0.20762890E+01  0.18337742E+01  0.21660000E+01  0.30221241E+01  0.20778563E+01
  0.21140000E+01  0.29934029E+01  0.21011392E+01  0.12610000E+01  0.12325796E+01
  0.32551301E+01  0.25390000E+01  0.22814013E+01  0.22939266E+01  0.13480000E+01
  0.10085447E+01  0.33262966E+01  0.33570000E+01  0.39275165E+01  0.41862366E+01
  0.33920000E+01  0.26769337E+01  0.51547826E+01  0.52470000E+01  0.60805026E+01
  0.47973201E+01  0.48560000E+01  0.48906142E+01  0.63552252E+01  0.54450000E+01
  0.51511277E+01  0.57533259E+01  0.51330000E+01  0.43188959E+01  0.71013819E+01
  0.71060000E+01  0.69310756E+01  0.29818338E+01  0.38790000E+01  0.37821513E+01
  0.64746368E+01  0.66000000E+01  0.67661324E+01  0.88527950E+01  0.80730000E+01
  0.77002655E+01  0.90274184E+01  0.95900000E+01  0.98086804E+01  0.70338792E+01
  0.73040000E+01  0.70530301E+01  0.84614026E+01  0.80150000E+01  0.72193576E+01
  0.82418652E+01  0.73200000E+01  0.72556286E+01  0.10862708E+02  0.10584000E+02
  0.98083311E+01  0.80840524E+01  0.79220000E+01  0.75423545E+01
  0.10640728E+02  0.97880000E+01  0.95813443E+01 -0.10264838E+02 -0.10874000E+02
 -0.10357741E+02 -0.64283990E+01 -0.62300000E+01 -0.69468570E+01 -0.46109855E+01
 -0.38180000E+01 -0.36443554E+01 -0.18339897E+00  0.18500000E+00 -0.17441094E+00
  0.33110640E+01  0.31920000E+01  0.38276766E+01  0.60718271E+01  0.53880000E+01
  0.48596180E+01  0.78153696E+01  0.81920000E+01  0.85649639E+01 -0.67332605E+01
 -0.76210000E+01 -0.77644675E+01 -0.56695467E+01 -0.50210000E+01 -0.50612130E+01
 -0.10971991E+01 -0.98100000E+00 -0.18506357E+01 -0.20551658E+01 -0.19820000E+01
 -0.10489336E+01  0.46039023E+01  0.46320000E+01  0.48215270E+01  0.59363748E+01
  0.68420000E+01  0.71567044E+01  0.10662174E+02  0.10250000E+02  0.99081259E+01
 -0.10876429E+02 -0.10158000E+02 -0.97963718E+01 -0.60661080E+01 -0.60410000E+01
 -0.66585322E+01 -0.30679146E+01 -0.33960000E+01 -0.41393869E+01  0.28356340E+00
  0.29100000E+00  0.11799879E+01  0.31580359E+01  0.33570000E+01  0.33387412E+01
  0.86093059E+01  0.80450000E+01  0.71578097E+01  0.65087892E+01  0.68550000E+01
  0.67711134E+01 -0.81332535E+01 -0.89830000E+01 -0.89343522E+01 -0.62828412E+01
 -0.62140000E+01 -0.54795625E+01  0.24367758E+00 -0.25900000E+00 -0.11529321E+01
  0.14423723E+00  0.34000000E+00  0.49061468E+00  0.68960254E+01  0.62840000E+01
  0.54664869E+01  0.43870129E+01  0.50720000E+01  0.53150854E+01  0.10862903E+02
  0.10181000E+02  0.93668983E+01 -0.98758153E+01 -0.10609000E+02 -0.10218659E+02
 -0.23575173E+01 -0.23290000E+01 -0.29895178E+01 -0.76067407E-01  0.48400000E+00
  0.80274133E+00  0.14904345E+01  0.15850000E+01  0.11272906E+01  0.39553397E+01
  0.46620000E+01  0.45174389E+01  0.81004611E+01  0.76780000E+01  0.67465010E+01
  0.10236363E+02  0.93530000E+01  0.92242192E+01 -0.88158525E+01 -0.87620000E+01
 -0.78667291E+01 -0.64494453E+01 -0.62980000E+01 -0.59145524E+01 -0.11918611E+01
 -0.11650000E+01 -0.12048685E+01 -0.22271174E+00  0.22800000E+00  0.85737947E-01
  0.65979858E+01  0.61070000E+01  0.62806238E+01  0.69113784E+01  0.72800000E+01
  0.73756297E+01  0.10091450E+02  0.98850000E+01  0.89904774E+01 -0.10333362E+02
 -0.99470000E+01 -0.93853956E+01 -0.39733472E+01 -0.46610000E+01 -0.49515875E+01
 -0.26385714E+01 -0.28420000E+01 -0.37808609E+01  0.19383572E+01  0.20020000E+01
  0.11082537E+01  0.24093454E+01  0.30020000E+01  0.28583623E+01  0.79159599E+01
  0.70620000E+01  0.70692156E+01  0.92349284E+01  0.92080000E+01  0.10092559E+02
 -0.73748803E+01 -0.73340000E+01 -0.80335285E+01 -0.56047321E+01 -0.51090000E+01
 -0.46548397E+01 -0.30682974E+01 -0.39430000E+01 -0.37983366E+01  0.20147743E-01
  0.91000000E-01  0.31047301E+00  0.31554795E+01  0.22410000E+01  0.21718831E+01
  0.64338919E+01  0.73240000E+01  0.72731636E+01 -0.97675488E+01 -0.10133000E+02
 -0.10253104E+02 -0.84077021E+01 -0.86910000E+01 -0.78810978E+01 -0.34819965E+01
 -0.41770000E+01 -0.47693874E+01 -0.21939220E+01 -0.21020000E+01 -0.18742634E+01
  0.27251135E+01  0.22130000E+01  0.16682822E+01  0.32979368E+01  0.38150000E+01
  0.43130420E+01  0.10213135E+02  0.96130000E+01  0.95800308E+01  0.90574510E+01
  0.91430000E+01  0.94217273E+01 -0.90019692E+01 -0.83730000E+01 -0.76175646E+01
 -0.57959322E+01 -0.57230000E+01 -0.48262470E+01 -0.27950377E+01 -0.26840000E+01
 -0.20552626E+01 -0.46218161E+00 -0.58800000E+00  0.10704766E-02  0.45008979E+01
  0.37030000E+01  0.39804597E+01  0.59024804E+01  0.50230000E+01  0.45068744E+01
  0.10034943E+02  0.95300000E+01  0.86390647E+01 -0.91151569E+01 -0.84720000E+01
 -0.88726861E+01 -0.36850819E+01 -0.43030000E+01 -0.38582495E+01 -0.41003075E+01
 -0.31970000E+01 -0.28840896E+01  0.16806881E+01  0.15730000E+01  0.20113846E+01
  0.27748711E+01  0.28180000E+01  0.36342732E+01  0.75775750E+01  0.84300000E+01
  0.87663564E+01  0.94528862E+01  0.94560000E+01  0.85568129E+01 -0.80002884E+01
 -0.84540000E+01 -0.87482567E+01 -0.67508401E+01 -0.64010000E+01 -0.59095534E+01
 -0.13151820E+01 -0.15080000E+01 -0.22233559E+01  0.38274991E+00  0.11300000E+01
  0.11902176E+01  0.29353725E+01  0.38540000E+01  0.38240337E+01  0.59200318E+01
  0.62310000E+01  0.54544453E+01 -0.10690261E+02 -0.10867000E+02 -0.11721619E+02
 -0.10057019E+02 -0.91570000E+01 -0.86176523E+01 -0.47990490E+01 -0.56100000E+01
 -0.59358370E+01 -0.42945192E+01 -0.38290000E+01 -0.38415268E+01  0.22555482E+01
  0.27020000E+01  0.20810984E+01  0.32441403E+01  0.26480000E+01  0.29543434E+01
  0.86291584E+01  0.81720000E+01  0.74228051E+01  0.92192197E+01  0.98170000E+01
  0.99461494E+01 -0.74603472E+01 -0.83510000E+01 -0.85315682E+01 -0.65698781E+01
 -0.61040000E+01 -0.51972138E+01 -0.19542980E+01 -0.15960000E+01 -0.22710893E+01
 -0.19289606E+00 -0.11070000E+01 -0.10797118E+01  0.57433398E+01  0.55180000E+01
  0.46918813E+01  0.41575319E+01  0.49480000E+01  0.53267007E+01 -0.96382616E+01
 -0.99880000E+01 -0.10874846E+02 -0.95081961E+01 -0.90940000E+01 -0.83755834E+01
 -0.48444519E+01 -0.44700000E+01 -0.41407091E+01 -0.30537650E+01 -0.25810000E+01
 -0.19862016E+01  0.56253921E+00  0.47500000E+00 -0.43617954E+00  0.41256357E+01
  0.38200000E+01  0.45264455E+01  0.80507968E+01  0.88640000E+01  0.85858229E+01
  0.83024281E+01  0.83730000E+01  0.86268676E+01 -0.71696633E+01 -0.73390000E+01
 -0.74740134E+01 -0.75760945E+01 -0.72350000E+01 -0.75020360E+01  0.44607351E+00
 -0.18200000E+00 -0.10083384E+01 -0.15833363E+01 -0.13090000E+01 -0.43405707E+00
  0.58525757E+01  0.50150000E+01  0.44145320E+01  0.77885605E+01  0.76900000E+01
  0.82588567E+01 -0.11113352E+02 -0.10745000E+02 -0.98456907E+01 -0.84948320E+01
 -0.80780000E+01 -0.86040342E+01 -0.42039710E+01 -0.43530000E+01 -0.52711272E+01
 -0.41433855E+01 -0.34050000E+01 -0.34063869E+01  0.20577605E+01  0.13240000E+01
  0.16790537E+01  0.17188530E+01  0.16800000E+01  0.23563475E+01  0.96376307E+01
  0.96510000E+01  0.87749344E+01 -0.11495967E+02 -0.10719000E+02 -0.10824708E+02
 -0.52740973E+01 -0.53580000E+01 -0.62630378E+01 -0.63876051E+01 -0.67110000E+01
 -0.62370689E+01 -0.70022906E+00 -0.14230000E+01 -0.19547077E+01 -0.61729643E+00
 -0.21000000E+00  0.70286128E+00  0.60845627E+01  0.69540000E+01  0.69741307E+01
  0.51246232E+01  0.57780000E+01  0.66093889E+01 -0.10859091E+02 -0.99460000E+01
 -0.99064478E+01 -0.10081916E+02 -0.10138000E+02 -0.96600014E+01 -0.64733033E+01
 -0.60860000E+01 -0.65230834E+01 -0.36003189E+01 -0.34660000E+01 -0.30940917E+01
  0.17752851E+01  0.14050000E+01  0.77081357E+00  0.35046905E+01  0.31200000E+01
  0.31125040E+01  0.70437565E+01  0.71010000E+01  0.62993670E+01  0.97965886E+01
  0.89070000E+01  0.89007742E+01 -0.74450498E+01 -0.81690000E+01 -0.88547835E+01
 -0.69676934E+01 -0.63560000E+01 -0.59469973E+01 -0.16754306E+01 -0.24740000E+01
 -0.27785207E+01  0.18185649E+00  0.13000000E+00  0.84530831E+00  0.63690832E+01
  0.57200000E+01  0.49996314E+01  0.58529259E+01  0.67320000E+01  0.72865914E+01
 -0.94246252E+01 -0.10322000E+02 -0.10866670E+02 -0.63704800E+01 -0.65070000E+01
 -0.59048889E+01 -0.36075727E+01 -0.43110000E+01 -0.49702846E+01 -0.18962862E+01
 -0.16140000E+01 -0.10762773E+01  0.20063675E+00  0.35800000E+00  0.90986591E+00
  0.58401328E+00  0.12640000E+01  0.12801669E+01  0.83011040E+01  0.79400000E+01
  0.86237737E+01  0.91907876E+01  0.94180000E+01  0.10262458E+02 -0.98163669E+01
 -0.96750000E+01 -0.10289379E+02 -0.73929032E+01 -0.66900000E+01 -0.59235052E+01
 -0.26278541E+01 -0.24370000E+01 -0.32837773E+01 -0.43363718E+00 -0.81600000E+00
 -0.16083726E+01  0.49014328E+01  0.52400000E+01  0.61845711E+01  0.65562580E+01
  0.65750000E+01  0.65384242E+01 -0.11118499E+02 -0.10791000E+02 -0.98726646E+01
 -0.99956282E+01 -0.93020000E+01 -0.93859290E+01 -0.51573499E+01 -0.60760000E+01
 -0.62402552E+01 -0.26783598E+01 -0.32240000E+01 -0.26234612E+01  0.15344440E+01
  0.79200000E+00  0.11561505E+01  0.21984677E+01  0.29190000E+01  0.36988810E+01
  0.75026996E+01  0.76610000E+01  0.70930184E+01  0.80329322E+01  0.86040000E+01
  0.90203058E+01 -0.76646680E+01 -0.76660000E+01 -0.84990271E+01 -0.66180815E+01
 -0.58540000E+01 -0.56059027E+01 -0.18400097E+01 -0.22980000E+01 -0.32059538E+01
  0.77370512E+00  0.63200000E+00 -0.25502822E+00  0.42851169E+01  0.37760000E+01
  0.34554024E+01  0.53250714E+01  0.51080000E+01  0.51453562E+01  0.89776052E+01
  0.82910000E+01  0.87559066E+01 -0.10238421E+02 -0.10579000E+02 -0.99820875E+01
 -0.54701152E+01 -0.60310000E+01 -0.65539197E+01 -0.44596023E+01 -0.42480000E+01
 -0.41226337E+01  0.31173940E+01  0.24280000E+01  0.24893872E+01  0.36152433E+01
  0.41330000E+01  0.45998283E+01  0.85087369E+01  0.87560000E+01  0.79533609E+01
  0.80702279E+01  0.77610000E+01  0.82567041E+01 -0.86349594E+01 -0.94020000E+01
 -0.90400021E+01 -0.75172294E+01 -0.72590000E+01 -0.70183916E+01 -0.13003655E+01
 -0.18010000E+01 -0.21614903E+01 -0.35594407E+00 -0.19300000E+00  0.70016665E+00
  0.66223173E+01  0.63250000E+01  0.70256523E+01  0.61900343E+01  0.65390000E+01
  0.64692672E+01 -0.10201823E+02 -0.10531000E+02 -0.11063123E+02 -0.10858917E+02
 -0.10020000E+02 -0.93740132E+01 -0.42616776E+01 -0.47580000E+01 -0.53866087E+01
 -0.39242056E+01 -0.35760000E+01 -0.27332957E+01  0.33972803E+01  0.34170000E+01
  0.43278220E+01  0.22442650E+01  0.24180000E+01  0.17004053E+01  0.97926179E+01
  0.93680000E+01  0.85406584E+01  0.89869691E+01  0.87890000E+01  0.83614178E+01
 -0.73620480E+01 -0.77550000E+01 -0.86956582E+01 -0.74067518E+01 -0.69550000E+01
 -0.60725345E+01 -0.37597978E+00 -0.64000000E+00 -0.77072029E+00 -0.10872429E+01
 -0.17980000E+01 -0.13752519E+01  0.42241889E+01  0.44950000E+01  0.36781265E+01
  0.61598172E+01  0.54930000E+01  0.50647084E+01  0.94972342E+01  0.98300000E+01
  0.90689260E+01 -0.93153925E+01 -0.10193000E+02 -0.10054786E+02 -0.51951018E+01
 -0.49750000E+01 -0.58096516E+01 -0.35114786E+01 -0.26510000E+01 -0.20453415E+01
  0.77410237E+00  0.12110000E+01  0.20784625E+01  0.32630118E+01  0.41400000E+01
  0.40812721E+01  0.86647070E+01  0.80010000E+01  0.85020187E+01  0.88198137E+01
  0.93820000E+01  0.10116429E+02 -0.86118597E+01 -0.94730000E+01 -0.96045516E+01
 -0.62134383E+01 -0.67400000E+01 -0.63728838E+01 -0.17332745E+01 -0.25090000E+01
 -0.25128713E+01 -0.38379963E-01  0.71000000E-01  0.57304061E+00  0.55892587E+01
  0.52650000E+01  0.49994854E+01  0.48462557E+01  0.42190000E+01  0.44624955E+01
  0.10734308E+02  0.10275000E+02  0.10659258E+02 -0.78545290E+01 -0.85890000E+01
 -0.90122785E+01 -0.33615899E+01 -0.35480000E+01 -0.38854435E+01 -0.16345273E+01
 -0.85400000E+00 -0.22311169E+00  0.25147096E+01  0.16250000E+01  0.15332902E+01
  0.31523444E+01  0.38620000E+01  0.34296562E+01  0.63621559E+01  0.65760000E+01
  0.70171254E+01  0.10120305E+02  0.94340000E+01  0.98004514E+01 -0.83875831E+01
 -0.80860000E+01 -0.86224981E+01 -0.61499455E+01 -0.55190000E+01 -0.54515619E+01
 -0.25668565E+01 -0.20700000E+01 -0.26036413E+01  0.21111627E-01  0.49300000E+00
 -0.80218770E-02  0.60949635E+01  0.51560000E+01  0.47862539E+01  0.71826507E+01
  0.76940000E+01  0.72354540E+01 -0.89342025E+01 -0.85960000E+01 -0.84033002E+01
 -0.89451131E+01 -0.83010000E+01 -0.86484915E+01 -0.51752305E+01 -0.56040000E+01
 -0.63003993E+01 -0.35222931E+01 -0.39870000E+01 -0.36050414E+01  0.16599657E+01
  0.18120000E+01  0.15407824E+01  0.21977353E+01  0.25940000E+01  0.32889428E+01
  0.78980831E+01  0.86850000E+01  0.90753695E+01  0.98475004E+01  0.10182000E+02
  0.11077028E+02 -0.70503127E+01 -0.72330000E+01 -0.64817476E+01 -0.58801215E+01
 -0.51760000E+01 -0.56247038E+01  0.44709820E+00 -0.37800000E+00 -0.81544802E+00
  0.26115470E+01  0.25060000E+01  0.31685353E+01  0.50319185E+01  0.50550000E+01
  0.41390669E+01  0.55492778E+01  0.62650000E+01  0.65076738E+01 -0.10624145E+02
 -0.97670000E+01 -0.99143163E+01 -0.11325537E+02 -0.10615000E+02 -0.10582298E+02
 -0.34245796E+01 -0.42540000E+01 -0.42854335E+01 -0.33956827E+01 -0.26250000E+01
 -0.27596097E+01  0.79432830E+00  0.87200000E+00  0.15506428E+01  0.40801291E+01
  0.37040000E+01  0.28659929E+01  0.91591298E+01  0.88810000E+01  0.79254204E+01
  0.90521383E+01  0.97320000E+01  0.92778912E+01 -0.78328500E+01 -0.76600000E+01
 -0.77963271E+01 -0.60310919E+01 -0.59130000E+01 -0.57852481E+01 -0.26240272E+00
  0.16900000E+00 -0.50676597E+00 -0.79358118E+00 -0.29500000E+00 -0.87417974E+00
  0.30010687E+01  0.27100000E+01  0.20008527E+01  0.58712023E+01  0.66650000E+01
  0.64501557E+01 -0.80414012E+01 -0.88000000E+01 -0.94234956E+01 -0.87272049E+01
 -0.79290000E+01 -0.72779054E+01 -0.41058659E+01 -0.47980000E+01 -0.49470118E+01
 -0.44841343E+01 -0.38610000E+01 -0.41786473E+01  0.27025310E+01  0.20600000E+01
  0.13877718E+01  0.34677870E+01  0.37090000E+01  0.46201061E+01  0.85480083E+01
  0.76490000E+01  0.73629874E+01 -0.10669691E+02 -0.10079000E+02 -0.96237383E+01
 -0.66651077E+01 -0.67500000E+01 -0.58929881E+01 -0.70544812E+01 -0.62940000E+01
 -0.55653146E+01 -0.10069913E+01 -0.14570000E+01 -0.23425923E+01 -0.41699895E+00
 -0.64000000E-01  0.88059709E+00  0.49824809E+01  0.43440000E+01  0.39560154E+01
  0.56576086E+01  0.60200000E+01  0.68357987E+01 -0.95202214E+01 -0.99920000E+01
 -0.93043210E+01 -0.89120859E+01 -0.83840000E+01 -0.77448519E+01 -0.48993688E+01
 -0.46880000E+01 -0.54943954E+01 -0.38991137E+01 -0.30300000E+01 -0.27104579E+01
  0.14555382E+01  0.13780000E+01  0.64714097E+00  0.34386955E+01  0.28350000E+01
  0.32347428E+01  0.78991333E+01  0.69720000E+01  0.67198441E+01  0.86684646E+01
  0.90380000E+01  0.84770395E+01 -0.66131139E+01 -0.63440000E+01 -0.70657232E+01
 -0.69725738E+01 -0.61520000E+01 -0.63534263E+01 -0.11301608E+01 -0.11040000E+01
 -0.20128769E+01 -0.17065601E+01 -0.15550000E+01 -0.20819818E+01  0.37444666E+01
  0.39840000E+01  0.41293880E+01  0.25730226E+01  0.35260000E+01  0.36844694E+01
  0.94189245E+01  0.10282000E+02  0.10097739E+02 -0.97661076E+01 -0.91660000E+01
 -0.97097315E+01 -0.28676380E+01 -0.34200000E+01 -0.42836741E+01 -0.18858354E+01
 -0.24030000E+01 -0.26810496E+01  0.16663503E+01  0.10510000E+01  0.32023676E+00
  0.34051306E+01  0.34230000E+01  0.33496370E+01  0.61246612E+01  0.62600000E+01
  0.53842290E+01  0.69531761E+01  0.73130000E+01  0.65799542E+01 -0.75768932E+01
 -0.76130000E+01 -0.82784862E+01 -0.69720798E+01 -0.61370000E+01 -0.56452155E+01
  0.42956442E+00 -0.37500000E+00 -0.99540830E-01 -0.99648536E+00 -0.68800000E+00
  0.25522436E+00  0.44026373E+01  0.35390000E+01  0.36668876E+01  0.56389830E+01
  0.55620000E+01  0.63396177E+01 -0.10870762E+02 -0.10343000E+02 -0.10981024E+02
 -0.94977827E+01 -0.96360000E+01 -0.90012839E+01 -0.54610723E+01 -0.62770000E+01
 -0.60695589E+01 -0.35754815E+01 -0.28030000E+01 -0.24259328E+01  0.17855640E+01
  0.19200000E+01  0.27628111E+01  0.10920603E+01  0.20130000E+01  0.24658631E+01
  0.94654520E+01  0.94240000E+01  0.85181408E+01  0.89273277E+01  0.89030000E+01
  0.91595161E+01 -0.52512976E+01 -0.59140000E+01 -0.65323406E+01 -0.84419806E+01
 -0.89030000E+01 -0.83850125E+01 -0.30316898E+01 -0.39400000E+01 -0.40678412E+01
 -0.18464541E+00 -0.15200000E+00 -0.15699401E+00  0.72921775E+01  0.64960000E+01
  0.66109585E+01  0.49940837E+01  0.46560000E+01  0.38072250E+01  0.11221542E+02
  0.10705000E+02  0.10348560E+02 -0.10123358E+02 -0.10340000E+02 -0.11163462E+02
 -0.33221804E+01 -0.42540000E+01 -0.42764752E+01 -0.12034659E+01 -0.14830000E+01
 -0.87855256E+00  0.18275391E+01  0.20320000E+01  0.11840253E+01  0.14998751E+01
  0.21790000E+01  0.24471379E+01  0.80407378E+01  0.81370000E+01  0.88780081E+01
  0.95546107E+01  0.89220000E+01  0.89024178E+01 -0.79245013E+01 -0.80730000E+01
 -0.89519615E+01 -0.76623702E+01 -0.70660000E+01 -0.62421118E+01 -0.16338008E+01
 -0.23600000E+01 -0.31450839E+01 -0.35228581E+00  0.58400000E+00  0.69257360E+00
  0.45999068E+01  0.45030000E+01  0.36742747E+01  0.35948891E+01  0.40950000E+01
  0.46908593E+01 -0.11139815E+02 -0.10285000E+02 -0.10213632E+02 -0.96807324E+01
 -0.93470000E+01 -0.89783537E+01 -0.42864241E+01 -0.41620000E+01 -0.48536009E+01
 -0.38698222E+01 -0.32350000E+01 -0.31352488E+01  0.83691248E+00  0.96300000E+00
  0.75248527E+00 -0.13318706E+01 -0.39500000E+00 -0.32687677E+00  0.76220533E+01
  0.70890000E+01  0.77163663E+01  0.97306855E+01  0.89740000E+01  0.85777305E+01
 -0.86377900E+01 -0.95790000E+01 -0.96547013E+01 -0.68416824E+01 -0.71130000E+01
 -0.66344340E+01 -0.19575492E+01 -0.25070000E+01 -0.24411830E+01 -0.11791344E+01
 -0.10660000E+01 -0.13416898E+00  0.30151919E+01  0.27120000E+01  0.18831803E+01
  0.36595773E+01  0.46000000E+01  0.46955078E+01  0.96185149E+01  0.90950000E+01
  0.94894654E+01 -0.92102076E+01 -0.84820000E+01 -0.86660814E+01 -0.41575868E+01
 -0.50160000E+01 -0.50115903E+01 -0.34572183E+01 -0.30010000E+01 -0.26502593E+01
  0.18835314E+01  0.16740000E+01  0.15374204E+01  0.40892200E+01  0.43960000E+01
  0.49292199E+01  0.69094244E+01  0.59980000E+01  0.56036987E+01
